37.772767663334
-122.426110859911
37.771903158813
-122.438594992673
37.7726203551912
-122.433922210865
37.7725248306864
-122.427158457752
37.772717371374
-122.426746841245
37.772767663334
-122.426110859911
37.772767663334
-122.426110859911
37.773031219429
-122.425710379764
37.7727344034532
-122.425512161152
37.772954547474
-122.424641356658
37.772784728183
-122.424123134984
37.772784728183
-122.424123134984
37.772784728183
-122.424123134984
37.7729572467144
-122.42375822927
37.7729572467144
-122.42375822927
37.7729572467144
-122.42375822927
37.7729572467144
-122.42375822927
37.7729572467144
-122.42375822927
37.772335833363
-122.423847026125
37.777046584473
-122.426522919775
37.772335833363
-122.423847026125
37.7719985405339
-122.423726477492
37.771757126456
-122.42468571128
37.7743883189698
-122.427546299799
37.7743883189698
-122.427546299799
37.7743883189698
-122.427546299799
37.7743883189698
-122.427546299799
37.776363969773
-122.427865972957
37.777146801219
-122.425151981461
37.777017774211
-122.425051403883
37.777269420951
-122.424920456839
37.777269420951
-122.424920456839
37.7776018936099
-122.424808799855
37.777629148162
-122.425026994817
37.777629148162
-122.425026994817
37.777652130889
-122.425278327049
37.777407286557
-122.425377190071
37.777407286557
-122.425377190071
37.777313401
-122.426091852
37.777046584473
-122.426522919775
37.7769302209976
-122.426359123172
37.7764642613238
-122.426263287452
37.776259144815
-122.426393652699
37.776045148103
-122.426247370355
37.776259144815
-122.426393652699
37.7764642613238
-122.426263287452
37.7764642613238
-122.426263287452
37.776498696915
-122.426865571574
37.7762537865934
-122.427913794346
37.776213322243
-122.42908777835
37.776427407518
-122.428019001077
37.7764642613238
-122.426263287452
37.776498696915
-122.426865571574
37.776213322243
-122.42908777835
37.7755774731531
-122.429459789097
37.7751112073434
-122.429366004072
37.7741814211394
-122.429178508872
37.7741814211394
-122.429178508872
37.7741814211394
-122.429178508872
37.774112178662
-122.428742260247
37.773934647146
-122.429266544539
37.7728291306342
-122.432280060738
37.772406300386
-122.436942953857
37.771122419793
-122.437311754935
37.7552947784154
-122.420964146993
37.767729784799
-122.426902803343
37.754784187285
-122.418503042623
37.754784187285
-122.418503042623
37.755022354734
-122.418525840095
37.754784187285
-122.418503042623
37.755022354734
-122.418525840095
37.7554369160237
-122.418747688955
37.756079748973
-122.418627051739
37.756079748973
-122.418627051739
37.756248019451
-122.41864315823
37.756580278967
-122.418674963486
37.7570353263749
-122.418901070709
37.757872018795
-122.419032462235
37.757872018795
-122.419032462235
37.757872018795
-122.419032462235
37.757846394486
-122.418796158916
37.757872018795
-122.419032462235
37.757872018795
-122.419032462235
37.758000786172
-122.419044683392
37.758218701358
-122.418793565668
37.758430821837
-122.418852031664
37.7586326659361
-122.41905270146
37.7585849358835
-122.419841366966
37.7585849358835
-122.419841366966
37.7585447040345
-122.420506706539
37.758532983362
-122.421384696692
37.7741814211394
-122.429178508872
37.774242174746
-122.429531501973
37.774343283688
-122.429018866652
37.7677290345204
-122.428968713134
37.774973371397
-122.429179074355
37.777017774211
-122.425051403883
37.722857236007
-122.400149008576
37.779174939076
-122.414487788611
37.776700654361
-122.425509267978
37.7911278440132
-122.401129843182
37.77709214038
-122.42558030806
37.776920098455
-122.425816788693
37.790936323988
-122.401643526597
37.777295496932
-122.42627482028
37.777201782223
-122.427041968216
37.777193426738
-122.427107538008
37.7768532748
-122.42817323525
37.7768532748
-122.42817323525
37.7767197675731
-122.428008256429
37.7944268463445
-122.401403656434
37.776363969773
-122.427865972957
37.7762537865934
-122.427913794346
37.7429224852556
-122.40937773851
37.7757864382788
-122.427818951887
37.775523337022
-122.427606844913
37.7753171678205
-122.427724060736
37.77517474312
-122.427878199692
37.775167525567
-122.42753477312
37.7748580282604
-122.427631164057
37.7809937749427
-122.413148141072
37.774292908119
-122.427322822812
37.7530114259213
-122.504333413414
37.752429395506
-122.418277657625
37.774312305993
-122.427269736123
37.77416308735
-122.427331322243
37.752429395506
-122.418277657625
37.7739215137003
-122.427451822202
37.7734555320435
-122.427357367167
37.7730016768448
-122.427260459501
37.7725248306864
-122.427158457752
37.7727344034532
-122.425512161152
37.7725248306864
-122.427158457752
37.7725248306864
-122.427158457752
37.7725248306864
-122.427158457752
37.7725248306864
-122.427158457752
37.772767663334
-122.426110859911
37.772350245
-122.42627806
37.7727344034532
-122.425512161152
37.7727344034532
-122.425512161152
37.7727344034532
-122.425512161152
37.772244131809
-122.425254142843
37.772244131809
-122.425254142843
37.772024923389
-122.425209914737
37.772024923389
-122.425209914737
37.759540119326
-122.421423513327
37.758358863588
-122.4210771662
37.758493418845
-122.419532095757
37.758493418845
-122.419532095757
37.758715547103
-122.418991168925
37.771903158813
-122.438594992673
37.7586326659361
-122.41905270146
37.7726203551912
-122.433922210865
37.752429395506
-122.418277657625
37.794888692554
-122.408050365706
37.752429395506
-122.418277657625
37.7522043370115
-122.419017432004
37.7522043370115
-122.419017432004
37.75230279377
-122.419210637952
37.752307279038
-122.419332110472
37.7940603549851
-122.407903381766
37.752314449605
-122.419424270642
37.7521713714865
-122.419557318462
37.7521713714865
-122.419557318462
37.790867082659
-122.405707196718
37.793383932472
-122.407908407757
37.7931781573042
-122.407727023107
37.7521713714865
-122.419557318462
37.767494200885
-122.429323558886
37.766959083303
-122.422032497941
37.7931781573042
-122.407727023107
37.7917781886126
-122.405799719185
37.7917781886126
-122.405799719185
37.791905672718
-122.405959273551
37.792330106247
-122.405695277346
37.793090885903
-122.405954268424
37.765028332159
-122.422602606823
37.764936656933
-122.423390404638
37.785209464
-122.4297508
37.7647833801811
-122.424102600274
37.7647833801811
-122.424102600274
37.765394508808
-122.423973875122
37.7262363658268
-122.433623436017
37.7664056465164
-122.424258118885
37.769612608732
-122.424451138495
37.769550125646
-122.425315719665
37.765332406337
-122.44182043749
37.724783176976
-122.434388362421
37.766132484155
-122.401720590618
37.724005027654
-122.435312526833
37.7663090930564
-122.398825068376
37.7938318376716
-122.406220390531
37.79412129019
-122.406119442649
37.793000336785
-122.406184590708
37.791934709563
-122.405716070602
37.775411642
-122.500775312
37.7755690501913
-122.500515150075
37.7620990219907
-122.414998461628
37.7164594702207
-122.441019512975
37.716434971464
-122.44065510779
37.7924508644935
-122.40593813563
37.715964570728
-122.439607396075
37.792640596661
-122.406110467587
37.7164594702207
-122.441019512975
37.7522043370115
-122.419017432004
37.715717618854
-122.439963900753
37.714151631
-122.442743854
37.7586326659361
-122.41905270146
37.712995035626
-122.43941695107
37.751431359566
-122.404996472826
37.758777340379
-122.419226988296
37.758963146724
-122.419282937047
37.713070588588
-122.436021283592
37.715605313
-122.442028018
37.759237688092
-122.419309219664
37.7157534782096
-122.441554347689
37.7602354682392
-122.419206209871
37.721238683141
-122.437202679974
37.72105145662
-122.437733193253
37.721738643972
-122.437213613945
37.760473680601
-122.429479773529
37.760326540283
-122.429179155434
37.7224653229987
-122.436468297044
37.723428755585
-122.435933007402
37.790539052836
-122.454077996717
37.777863738999
-122.421793917404
37.777863738999
-122.421793917404
37.724804826081
-122.435073987165
37.7251755068618
-122.434425845135
37.725641733916
-122.434304088057
37.774047424729
-122.42103376514
37.726275070195
-122.433674890491
37.726920602663
-122.433292682518
37.7639700982087
-122.426317496251
37.769287217431
-122.42633544702
37.775776174884
-122.419251731159
37.728515966338
-122.431587063046
37.7287295224565
-122.431293958694
37.781240909621
-122.411208241663
37.766613392698
-122.424096795836
37.766517589447
-122.424595164909
37.7664056465164
-122.424258118885
37.7679387135488
-122.425535948514
37.779771330357
-122.413066818108
37.76805093228
-122.425364628758
37.7679387135488
-122.425535948514
37.7679387135488
-122.425535948514
37.7679496594531
-122.425353525508
37.767173530705
-122.425417941706
37.7958236956211
-122.408253315267
37.79598593628
-122.407619316111
37.7959103897838
-122.407563906666
37.795002164032
-122.406583910542
37.7951445742569
-122.406475634179
37.765511320074
-122.417678769023
37.759365354335
-122.406946939974
37.766346926433
-122.417416934391
37.7660171238604
-122.403642919195
37.753133765471
-122.405908507054
37.753133765471
-122.405908507054
37.766346926433
-122.417416934391
37.753133765471
-122.405908507054
37.753060054585
-122.406546817556
37.7231671628729
-122.431633236738
37.723136327012
-122.431830392061
37.72377727081
-122.433163480414
37.7239323407478
-122.433231496472
37.729444305375
-122.392795666652
37.79591380572
-122.405271503271
37.755389865731
-122.388001027676
37.796027018089
-122.405294568243
37.796438840132
-122.405383856626
37.7961222135405
-122.40586275325
37.7961222135405
-122.40586275325
37.7960773566682
-122.406224729083
37.796199268311
-122.406141199367
37.796492167511
-122.406358764509
37.7969437854267
-122.406527023617
37.7969018389449
-122.406827805934
37.7969018389449
-122.406827805934
37.7969018389449
-122.406827805934
37.797269198577
-122.407038383144
37.797269198577
-122.407038383144
37.7974688345398
-122.406944487662
37.7978222988913
-122.407016222995
37.797116614106
-122.40586171691
37.7767415096762
-122.446659969167
37.754879549
-122.448384412
37.7940213255828
-122.404710478607
37.7944531246149
-122.404796324929
37.7944531246149
-122.404796324929
37.794115271504
-122.405603867712
37.7942636579948
-122.406304861361
37.794330429495
-122.406658905398
37.7941978965604
-122.40682136919
37.7941978965604
-122.40682136919
37.765138960266
-122.420042041081
37.749556531333
-122.405020747604
37.749556531333
-122.405020747604
37.759029258089
-122.425843385754
37.761277678906
-122.43037423744
37.760943922477
-122.430349462141
37.751637368879
-122.405680490851
37.761277678906
-122.43037423744
37.724804826081
-122.435073987165
37.761071873399
-122.430133636874
37.7540430034269
-122.447209693469
37.724830255044
-122.436788994115
37.724830255044
-122.436788994115
37.779672345306
-122.413192000918
37.7250945058739
-122.437933634968
37.725642903
-122.439480349
37.726498445614
-122.440321783697
37.739842550313
-122.411967621635
37.7777990131498
-122.400297917326
37.739842550313
-122.411967621635
37.739842550313
-122.411967621635
37.739973596015
-122.411629463651
37.740209984094
-122.411436166333
37.755481169674
-122.418916924099
37.762713068944
-122.429585474245
37.778275653899
-122.402550508118
37.787955494803
-122.41942612784
37.708861655442
-122.452370577553
37.76938552815
-122.417621427572
37.7642889468986
-122.432279363418
37.765278510912
-122.419513083147
37.7943451759005
-122.405663102084
37.762143667238
-122.419587357347
37.799094447283
-122.410776413553
37.7617892171553
-122.420128321734
37.7617007549058
-122.421578568646
37.761747174828
-122.422513755298
37.7616170462257
-122.422955236377
37.761717611546
-122.423504304224
37.761717611546
-122.423504304224
37.761717611546
-122.423504304224
37.7616170462257
-122.422955236377
37.7630307317627
-122.426228432695
37.774177228295
-122.428231381805
37.735591379172
-122.40201803988
37.721107082808
-122.427556589462
37.794629792868
-122.422931813621
37.7202325362025
-122.425479297236
37.7847534032066
-122.421193138923
37.762258694148
-122.417258834726
37.7659581579592
-122.404623425961
37.7659581579592
-122.404623425961
37.7659581579592
-122.404623425961
37.751431359566
-122.404996472826
37.794070312606
-122.424623390972
37.7932577843681
-122.421230059041
37.7943206899438
-122.413011044306
37.7943206899438
-122.413011044306
37.7934322689017
-122.412829271539
37.8001339466627
-122.419232906149
37.8010622869456
-122.419425497511
37.799612168764
-122.419270963185
37.7994822550343
-122.419105628547
37.797586457545
-122.418863369905
37.7973338200482
-122.418671733113
37.7973338200482
-122.418671733113
37.795463562881
-122.418293512176
37.794877810975
-122.418245164606
37.75326677189
-122.4037711921
37.7531213627531
-122.404363189546
37.792852472253
-122.418014909523
37.7810524456316
-122.444618506087
37.769082624891
-122.432927593663
37.790390109829
-122.410522810134
37.776936206475
-122.406712587626
37.776661376755
-122.406956896722
37.762202592498
-122.41520525549
37.762202592498
-122.41520525549
37.762202592498
-122.41520525549
37.801001438818
-122.412737203912
37.780874748067
-122.412392042544
37.715285078
-122.437854593
37.772616595104
-122.422067984358
37.717164942409
-122.426761515689
37.7202325362025
-122.425479297236
37.722416057354
-122.429931352512
37.742739904854
-122.480240814679
37.7958236956211
-122.408253315267
37.7958236956211
-122.408253315267
37.7958236956211
-122.408253315267
37.7949406414275
-122.408079003193
37.770025087
-122.439255033
37.793383932472
-122.407908407757
37.7931781573042
-122.407727023107
37.792327126464
-122.417504967456
37.7923379103805
-122.417665503816
37.7919228358865
-122.417582093652
37.791133814271
-122.417172101767
37.8010622869456
-122.419425497511
37.8010622869456
-122.419425497511
37.8010622869456
-122.419425497511
37.801517304291
-122.419359346298
37.8029268738814
-122.419797397435
37.802961391138
-122.420385341252
37.803120107
-122.42051591
37.803120107
-122.42051591
37.796804427
-122.407620453
37.7969018389449
-122.406827805934
37.796494567761
-122.406840828789
37.783697470282
-122.408820315676
37.7960248458656
-122.406652279309
37.7960248458656
-122.406652279309
37.7959706245011
-122.407083592847
37.779174939076
-122.414487788611
37.795449824
-122.407712001
37.779174939076
-122.414487788611
37.7941377860196
-122.407294059483
37.794427849542
-122.407497638786
37.8026948184349
-122.421480492504
37.800216167083
-122.409458064394
37.751637368879
-122.405680490851
37.801498276836
-122.421336887175
37.752822408664
-122.405531841168
37.801498276836
-122.421336887175
37.801177587096
-122.421275885394
37.80092345108
-122.421152313869
37.751796424252
-122.404167807844
37.800868184121
-122.421121004663
37.8008337209428
-122.421063290949
37.784565207161
-122.465453537821
37.7911278440132
-122.401129843182
37.7965955845576
-122.416839426676
37.7777226602316
-122.41640113099
37.790474116669
-122.415533130174
37.7898293093397
-122.403841454762
37.790438571247
-122.415666167038
37.7943206899438
-122.413011044306
37.747329170527
-122.412765232892
37.7943206899438
-122.413011044306
37.7934322689017
-122.412829271539
37.7934667920108
-122.41957911981
37.794109808029
-122.41464777788
37.7941438453507
-122.421404255683
37.7970899504648
-122.405318489963
37.795755679694
-122.422117910432
37.795947850749
-122.422745625566
37.795661222877
-122.422841141654
37.795151941699
-122.424822784759
37.769249610564
-122.432464468839
37.772648890125
-122.432381801308
37.791775705494
-122.405683317145
37.796171397905
-122.40677623343
37.7960248458656
-122.406652279309
37.796044423355
-122.407155302626
37.7917781886126
-122.405799719185
37.787402112869
-122.404343952677
37.7879629428647
-122.403491782807
37.795626767017
-122.407451818152
37.789048860596
-122.403446290679
37.7898293093397
-122.403841454762
37.7902859896209
-122.403934505726
37.7902859896209
-122.403934505726
37.7924864940661
-122.40565417005
37.7931781573042
-122.407727023107
37.791009471537
-122.404274607741
37.793707502198
-122.407682012999
37.7855638338358
-122.429782592083
37.785469422472
-122.429299661322
37.793290146745
-122.405751461645
37.785784507961
-122.428148069206
37.785911699846
-122.428006481463
37.7942636579948
-122.406304861361
37.794557970826
-122.406456851272
37.795058005302
-122.406344587366
37.795296824331
-122.406151988637
37.78327550648
-122.409849441661
37.7730360521603
-122.421941384201
37.795350795094
-122.406146497183
37.7951982274754
-122.40604534895
37.77276668552
-122.421927105709
37.796249882437
-122.406144289491
37.796249882437
-122.406144289491
37.793956210301
-122.408720401813
37.7961222135405
-122.40586275325
37.7961222135405
-122.40586275325
37.796027018089
-122.405294568243
37.7938520039217
-122.409540879677
37.7730360521603
-122.421941384201
37.794687478589
-122.40931830988
37.77276668552
-122.421927105709
37.760173639819
-122.388326614162
37.7427030875749
-122.387926350339
37.7427030875749
-122.387926350339
37.770016084851
-122.425414375658
37.79746306
-122.40901687
37.7960773566682
-122.406224729083
37.7969091441595
-122.405288233863
37.7970645563858
-122.405513078027
37.7970645563858
-122.405513078027
37.795530932899
-122.40597290979
37.734121514
-122.390424497
37.7978222988913
-122.407016222995
37.797269198577
-122.407038383144
37.742921912499
-122.476096936053
37.7966502184217
-122.40884850344
37.7969437854267
-122.406527023617
37.796492167511
-122.406358764509
37.779101637304
-122.433682825046
37.7812187654484
-122.433973067439
37.782570441186
-122.432700248449
37.781069357
-122.432186255584
37.785643950021
-122.43007438093
37.7940213255828
-122.404710478607
37.781227119696
-122.412113329949
37.77877644737
-122.431862529764
37.7940213255828
-122.404710478607
37.761436743568
-122.419481586066
37.7780719843018
-122.424904042793
37.7931781573042
-122.407727023107
37.794005250684
-122.405497744051
37.778306521526
-122.424881287775
37.7938318376716
-122.406220390531
37.793926120668
-122.406037236049
37.78249288657
-122.430909919681
37.7825698284387
-122.430797788991
37.778104841215
-122.429256726332
37.778247299768
-122.430065587947
37.764179812784
-122.419782377051
37.7617892171553
-122.420128321734
37.7601012510183
-122.421425091251
37.7642889468986
-122.432279363418
37.76461081553
-122.432915660402
37.7642889468986
-122.432279363418
37.7600508554324
-122.422258336066
37.713119491707
-122.402272647482
37.759962968159
-122.428280126957
37.758890709677
-122.419276001731
37.758890709677
-122.419276001731
37.758777340379
-122.419226988296
37.758777340379
-122.419226988296
37.758715547103
-122.418991168925
37.7586326659361
-122.41905270146
37.7586326659361
-122.41905270146
37.784822557421
-122.436572940326
37.768614044174
-122.419822993593
37.754793521082
-122.419661589704
37.751637368879
-122.405680490851
37.7694561645459
-122.429128105966
37.802183716497
-122.412907954188
37.7693071164537
-122.431570407362
37.769433124367
-122.431325338501
37.7661940948288
-122.427757203996
37.767455384792
-122.430996420806
37.765984861234
-122.428857408672
37.755287713411
-122.391843858593
37.751431359566
-122.404996472826
37.752822408664
-122.405531841168
37.753063690319
-122.405331104173
37.7737693550901
-122.411609991965
37.7517869946382
-122.405207722145
37.7737693550901
-122.411609991965
37.7517869946382
-122.405207722145
37.7737693550901
-122.411609991965
37.795653470493
-122.406966347931
37.7861964560487
-122.42485850515
37.7960248458656
-122.406652279309
37.796491112236
-122.406880359531
37.717946014
-122.433694788
37.789305038609
-122.444320936877
37.7969018389449
-122.406827805934
37.796804427
-122.407620453
37.796905233277
-122.407710119159
37.744402175
-122.50720315
37.7800059127357
-122.411933525948
37.797463280813
-122.408357416294
37.769294179421
-122.445461137842
37.7767415096762
-122.446659969167
37.7767415096762
-122.446659969167
37.7958236956211
-122.408253315267
37.782641830103
-122.447438236539
37.7958236956211
-122.408253315267
37.779130184563
-122.447335559177
37.788816382848
-122.423879397876
37.789016639587
-122.424256031653
37.788551253159
-122.42434097626
37.7959706245011
-122.407083592847
37.7960248458656
-122.406652279309
37.796171397905
-122.40677623343
37.7959706245011
-122.407083592847
37.79606051444
-122.407027641896
37.794993721447
-122.40798972016
37.795617752757
-122.407307982566
37.7950158994499
-122.407485195237
37.794577693557
-122.407249291738
37.794166224996
-122.408116431832
37.7940603549851
-122.407903381766
37.794382626474
-122.407206822993
37.793893494555
-122.408006730969
37.7398665825671
-122.369235112813
37.793383932472
-122.407908407757
37.793956210301
-122.408720401813
37.793956210301
-122.408720401813
37.7938963947331
-122.409191366034
37.794470758529
-122.409509997988
37.7948074311234
-122.409164251356
37.795632069604
-122.408994235534
37.7957200136687
-122.409075558637
37.792906250978
-122.40751543869
37.79746306
-122.40901687
37.793056608
-122.407515517
37.7967039476571
-122.408431021157
37.7931781573042
-122.407727023107
37.793348162142
-122.407620946931
37.793383932472
-122.407908407757
37.792295599153
-122.400706897631
37.791724612271
-122.400699095017
37.789457206143
-122.44411933148
37.7861048043937
-122.455865131766
37.7875517339398
-122.451945948073
37.787612707
-122.450503154
37.7918989984877
-122.402571205443
37.788841933723
-122.440759152409
37.782665280159
-122.409406091067
37.782976920276
-122.409732635881
37.72038483
-122.474787613
37.790857972583
-122.481043496958
37.7928512164118
-122.402766601343
37.778474066868
-122.441372496767
37.777675363776
-122.44040383433
37.7775867539011
-122.440026970902
37.7128065524716
-122.470895060265
37.7775867539011
-122.440026970902
37.782853104275
-122.409168280132
37.774832981229
-122.439407261634
37.775030519404
-122.444154754612
37.770847499
-122.440357912
37.77101101606
-122.443943130853
37.77074446613
-122.443889560782
37.74756673665
-122.420385567773
37.770525562293
-122.443970082825
37.770585838797
-122.443474633448
37.783184590249
-122.409469699673
37.776286743566
-122.411947947548
37.770751624916
-122.442200151468
37.7588301350928
-122.415779178203
37.75050240036
-122.403097292779
37.770751624916
-122.442200151468
37.792019440696
-122.390844136038
37.758950664695
-122.415974101606
37.777287786347
-122.410484519075
37.7770920648709
-122.410505700369
37.752318063753
-122.403464602191
37.775667045371
-122.412587905091
37.777328062693
-122.416322756769
37.7914981137873
-122.405741994024
37.7777226602316
-122.41640113099
37.791108814392
-122.4055455061
37.7619358684537
-122.407187658888
37.7917781886126
-122.405799719185
37.7924508644935
-122.40593813563
37.759973690015
-122.407187525642
37.793227855629
-122.405982482806
37.793250109814
-122.405900932637
37.759933892467
-122.422235406998
37.7601012510183
-122.421425091251
37.793895528424
-122.405005225784
37.760667779542
-122.421678150262
37.793671613086
-122.404784165547
37.7970645563858
-122.405513078027
37.797116614106
-122.40586171691
37.7975587310534
-122.406226412393
37.7978222988913
-122.407016222995
37.7969018389449
-122.406827805934
37.79746306
-122.40901687
37.7758344070154
-122.431198557278
37.7961222135405
-122.40586275325
37.7960579385758
-122.409988084558
37.7960579385758
-122.409988084558
37.749556531333
-122.405020747604
37.7947368772916
-122.409721484282
37.795823303485
-122.40521449336
37.7947368772916
-122.409721484282
37.749556531333
-122.405020747604
37.793893314482
-122.410108242835
37.749556531333
-122.405020747604
37.749556531333
-122.405020747604
37.7929706828085
-122.409361409181
37.793416190659
-122.409008561698
37.7943451759005
-122.405663102084
37.7943451759005
-122.405663102084
37.7942636579948
-122.406304861361
37.7650606462899
-122.433178680721
37.793926120668
-122.406037236049
37.7931781573042
-122.407727023107
37.7940213255828
-122.404710478607
37.79272917
-122.407617873
37.7931781573042
-122.407727023107
37.7935649878676
-122.404613273114
37.7931781573042
-122.407727023107
37.7935649878676
-122.404613273114
37.749634760922
-122.40519951493
37.79357572071
-122.405724650417
37.749556531333
-122.405020747604
37.749556531333
-122.405020747604
37.7858929127475
-122.412147392916
37.751040635321
-122.404095940682
37.758978210378
-122.42370707728
37.759755594024
-122.425185424491
37.759741664324
-122.425552483934
37.759714117119
-122.425370356747
37.782380593456
-122.432362704088
37.761161068222
-122.428524351928
37.76564015897
-122.469320689326
37.761103765085
-122.429471082538
37.761024478541
-122.430782452812
37.761001362235
-122.431300506697
37.784238385
-122.4983826
37.7537032121512
-122.420812285218
37.778119238896
-122.412417855108
37.776697977986
-122.414393388185
37.775432867173
-122.415449065158
37.751844907123
-122.404241905985
37.751844907123
-122.404241905985
37.7599673117617
-122.423641204907
37.800649959505
-122.431464402867
37.7351836053535
-122.410968144858
37.779360812531
-122.404759077674
37.758981322031
-122.410822549385
37.754910358782
-122.419672774466
37.752822408664
-122.405531841168
37.779753771459
-122.507124696545
37.744402175
-122.50720315
37.765953127305
-122.406872694241
37.7657833569615
-122.407534195875
37.7657833569615
-122.407534195875
37.7657833569615
-122.407534195875
37.757626639411
-122.396847502308
37.780499993097
-122.412617208457
37.797327089673
-122.408557812335
37.7949406414275
-122.408079003193
37.766210649758
-122.419944079523
37.794888692554
-122.408050365706
37.7931781573042
-122.407727023107
37.775489993603
-122.414765957079
37.778283400777
-122.411847813618
37.774990102719
-122.416008374201
37.751042208894
-122.41798346254
37.7522394710724
-122.418445426677
37.795058005302
-122.406344587366
37.792800449954
-122.40811163401
37.7780453537811
-122.412413252016
37.778283400777
-122.411847813618
37.778283400777
-122.411847813618
37.7935649878676
-122.404613273114
37.7787522226357
-122.471638653102
37.791934709563
-122.405716070602
37.781177136542
-122.411699952916
37.781068188413
-122.405218341
37.780909901778
-122.405418658441
37.780909901778
-122.405418658441
37.783034608408
-122.419379433512
37.769593592286
-122.442756201187
37.783034608408
-122.419379433512
37.783034608408
-122.419379433512
37.76966156
-122.442764817
37.76966156
-122.442764817
37.769694786299
-122.442926945135
37.782665280159
-122.409406091067
37.78143049905
-122.411786043315
37.7410430011123
-122.478774323792
37.770469754
-122.443311949
37.774586182275
-122.426426232681
37.784628636791
-122.465393894971
37.764123658
-122.44638294
37.76506998696
-122.449272420133
